1111111111111111111111111111111111111111
1000000000000100000000000000000000000001
1000000000000100000000000000000000000001
1000000000000000000000000000001000000001
1000000000000000000000000000012000000001
1111111111111100000000000000001000000001
1000000000000000000000000000001000000001
1000000000000000000000000001111000000001
1000000000000000000000000000000000000001
1000000000000000000000000000000000000001
1220000000001221000000012210000000000001
1222000000001221000000012210000000000001
1002220000000000000000000000000000000001
1000222110000000000000000000000000000001
1000000000000000000000000000000000000001
1000000000000000000000000000000000000001
1000111111111111100000011111111111110001
1000000000000000000000000000000000000001
1000000000000000000000000000000000000001
1000011110000001111111111000000111100001
1000000000000000000000000000000000000001
1000000000000000000000000000000000000001
1011111110000000000000000000000000000001
1000000001100000000000000000000000111111
1000000000011111100000000000000011000001
1000000000000000000000000000000110000001
1000000000000000000011222333221100000001
1000000000000000000000000000000000000001
1000110000000000000000000000000000000001
1000110000000000000000000000000000000001
1000001100000111111000000001111110000001
1000000110000000000000000000000000000001
1000000011000000000000000000000000000001
1000000110000000000000000000000000000001
1000011000000000000000000011111111111111
1000110000000000000000000000000000000001
1000000000000000000000000000000000000001
1000000000000000000000000010000000000001
1000000000000000000000000010000000000001
1111111111111111111111111111111111111111